community:9 163(376,365),138(695,374),57(921,322),102(867,366)
community:8 188(851,408),123(695,400),106(699,278),55(907,296),31(545,366),150(849,418),159(791,501)
community:7 189(648,492),73(780,470),58(650,276),59(904,278),155(326,262),146(687,244)
community:6 196(592,355),18(406,454),154(658,424),124(863,369)
community:5 105(333,226),82(356,287),52(866,371),4(548,354),126(921,323)
community:4 101(740,479),97(914,318),120(782,377),100(961,284),26(449,414),156(898,300),29(777,475),71(772,337),28(862,374),91(770,528)
community:3 131(680,234),49(684,246),3(564,514),7(801,351),74(928,326),171(920,324),76(930,326),108(859,378),144(752,330),168(937,327),173(356,255),78(790,452),14(206,227),65(718,303),99(699,477),47(897,335),15(856,412),80(877,316),178(751,262),66(836,408),122(770,529),92(921,323),185(775,352)
community:2 98(881,337),16(521,279),35(565,319),135(444,434),115(345,420),68(856,353),147(808,358),172(727,399),13(862,405),170(529,253),190(708,416),44(512,234),0(320,432),38(405,328),94(287,387),107(920,323),104(688,243),181(862,374),48(646,492),23(795,549),20(791,503),129(434,417),9(881,337)
community:1 160(613,289),72(920,324),193(286,246),133(760,329),167(791,501),39(662,403),136(761,309),169(851,359),63(862,408),139(711,427),19(269,442),137(750,262),175(867,367),145(562,518),116(684,246),21(775,350),179(792,503),149(252,427),142(689,338),165(466,283),199(861,375),40(332,332),12(622,334)
community:0 197(567,510),33(849,416),164(751,262),69(439,311),8(881,337),177(867,366),194(802,421),10(270,443),25(920,324),161(841,360),134(856,382),166(665,343),157(930,325),109(282,350),111(790,452),176(663,430),195(841,360),103(790,452),130(543,414),187(920,323),6(727,257),162(247,428),113(215,234)
community:17 60(952,251),54(461,422)
community:16 96(705,369),85(206,227)
community:15 174(316,258),32(575,264)
community:14 11(791,504),42(860,403),62(625,446)
community:13 79(782,333),152(549,351),180(866,371)
community:12 112(897,309),67(647,492),95(842,360),119(864,367)
community:11 117(306,261),43(684,287),125(864,372)
community:10 153(271,436),1(920,324),83(865,359),53(545,402),24(915,320),132(717,428)
